510 987
104 566
438 154
843 277
844 276
287 116
814 957
585 224
813 62
971 659
402 670
494 728
977 566
328 551
192 576
316 197
811 157
956 623
686 255
450 760
192 307
128 161
967 804
732 384
692 240
665 991
76 712
995 713
773 646
268 281
694 301
109 264
540 207
724 675
13 683
849 533
675 117
506 407
994 953
766 244
938 808
75 934
305 977
10 177
683 192
97 603
162 66
296 319
536 485
984 582
237 755
950 294
538 987
412 142
170 407
962 570
479 796
366 175
399 599
673 798
274 512
19 989
897 416
407 236
953 940
158 471
610 265
384 475
809 115
167 528
634 709
101 992
775 95
473 149
254 967
343 172
279 316
914 982
317 735
306 924
520 820
752 159
529 638
907 356
936 929
493 770
827 930
818 546
344 21
616 346
384 306
719 913
565 892
757 462
765 409
54 601
608 395
434 858
111 999
8 769
682 839
710 784
443 193
926 596
184 592
297 598
588 567
879 743
963 220
584 891
317 517
648 256
52 130
977 932
597 776
2 530
611 655
586 684
675 325
835 517
895 346
271 199
390 951
205 792
631 455
130 536
953 300
337 352
186 808
523 763
58 78
59 594
596 732
740 273
168 570
813 716
838 886
896 35
909 418
451 186
667 862
312 600
679 863
463 528
695 326
404 689
7 494
523 397
26 953
32 461
67 146
24 787
728 743
891 362
924 303
293 907
537 590
208 972
838 688
501 902
490 869
798 4
936 957
694 537
831 659
22 793
330 464
136 723
543 665
110 18
336 727
997 584
472 165
119 379
53 116
470 918
833 916
237 482
883 43
985 657
982 245
255 216
777 391
938 442
27 193
188 597
935 974
2 427
393 893
76 878
467 432
45 994
166 500
982 362
3 274
488 374
871 177
768 729
984 720
344 510
68 160
578 789
182 578
834 143
370 449
268 265
571 599
989 910
462 115
2 534
242 819
826 582
721 203
125 27
158 177
595 191
426 137
288 517
889 205
831 817
423 733
187 467
850 761
392 721
445 185
736 852
376 236
646 502
803 285
339 657
543 954
196 944
855 424
906 820
997 811
682 721
283 963
16 317
94 138
348 608
460 584
345 987
132 479
986 587
482 453
98 87
171 127
822 925
146 512
248 315
602 746
378 193
848 435
199 74
209 821
925 411
427 315
951 702
31 912
406 25
297 875
272 707
266 569
446 64
285 295
957 437
744 715
109 505
989 882
205 729
215 330
167 341
936 128
885 411
165 672
162 322
538 576
517 644
313 456
851 710
68 760
950 222
10 563
431 670
12 984
174 821
996 253
549 714
981 487
68 211
298 740
570 181
197 513
434 36
740 924
500 375
374 37
809 295
989 877
619 781
341 122
478 792
799 957
43 564
750 637
867 906
940 312
943 196
902 281
901 612
694 206
275 606
554 112
413 533
753 453
281 805
499 802
989 46
708 478
869 321
947 593
57 788
488 907
20 662
765 970
966 659
404 411
746 990
882 91
832 553
678 507
960 335
149 65
644 571
428 572
939 25
569 719
29 315
368 661
909 311
746 978
907 759
504 468
11 552
996 50
413 687
693 188
168 751
161 24
187 464
972 296
684 212
505 298
440 695
552 650
417 809
839 326
541 157
383 547
560 48
398 135
68 515
985 479
468 889
303 908
741 544
941 107
948 587
532 411
462 852
427 401
100 848
596 458
6 237
807 628
352 865
218 325
542 899
148 3
544 907
26 562
498 919
630 767
733 833
62 2
189 51
230 381
765 448
887 871
227 379
250 736
155 328
441 310
801 571
3 887
244 57
446 627
335 218
806 445
465 407
