108 748
211 932
364 544
117 473
821 734
792 588
506 144
97 387
509 232
637 646
825 726
81 143
137 343
900 71
340 116
540 92
215 937
830 225
883 562
954 402
492 19
160 87
652 168
705 500
307 515
713 167
598 784
289 261
105 461
778 658
971 570
165 409
343 894
947 52
288 575
989 7
647 14
530 783
625 422
609 429
866 297
731 49
597 683
509 506
965 826
996 150
459 842
301 134
530 369
396 376
413 481
571 84
750 919
364 860
967 878
274 374
845 893
697 863
153 495
817 684
37 203
427 817
868 145
145 490
532 464
786 728
707 388
8 513
101 432
489 495
211 570
67 48
778 186
888 669
231 427
344 474
73 24
917 834
71 509
593 168
905 775
943 712
967 341
791 602
526 61
221 555
647 186
734 419
129 343
236 211
543 415
219 305
744 691
81 231
468 454
640 880
520 520
116 725
288 820
228 786
802 100
10 619
494 550
493 836
72 535
322 100
493 543
427 375
978 609
962 707
733 118
201 97
234 75
196 412
332 400
805 783
696 451
532 192
501 147
521 87
6 708
532 32
898 944
341 761
563 257
920 434
45 523
222 65
832 881
14 706
88 102
87 457
828 567
28 254
473 436
580 624
372 843
47 815
406 826
232 253
851 207
540 398
731 779
642 608
130 197
346 622
268 134
568 353
948 400
743 336
381 902
636 144
930 574
46 983
938 521
120 67
950 38
358 215
243 731
156 754
355 103
235 789
684 841
23 57
598 776
491 593
65 973
949 857
537 755
373 341
689 259
309 877
663 40
215 297
623 168
646 55
986 462
846 20
655 860
79 790
950 808
2 538
609 737
866 533
98 45
95 789
727 21
331 903
668 806
202 59
242 95
514 101
802 38
117 25
770 310
170 274
192 577
73 214
116 113
241 941
528 337
474 440
800 118
447 743
273 689
96 429
376 812
680 513
310 566
647 81
48 568
343 434
978 870
851 218
692 213
465 693
585 246
545 373
617 828
572 989
517 360
118 44
125 352
349 737
432 198
811 47
533 342
114 620
792 30
226 182
742 229
856 833
748 801
343 280
486 326
508 451
367 332
89 630
624 480
530 842
591 693
522 611
120 275
659 871
464 569
733 507
191 427
600 480
78 990
980 24
818 888
797 344
199 859
142 414
605 167
167 64
921 79
847 445
650 516
294 104
425 321
33 526
949 243
275 934
700 997
307 138
394 559
637 295
528 195
426 795
277 521
74 170
980 907
805 758
126 646
955 229
98 744
943 398
500 815
239 34
236 4
558 175
141 632
705 344
562 40
669 506
463 957
399 401
544 237
633 103
93 748
99 270
187 104
144 112
267 985
689 224
61 201
76 217
854 509
967 552
227 243
403 729
7 142
18 100
762 11
4 589
312 171
544 856
235 856
329 594
779 963
303 465
827 650
264 944
464 666
719 853
635 525
934 721
665 527
507 51
151 142
403 930
438 880
432 56
683 909
287 935
529 112
390 852
254 5
559 210
198 403
908 395
580 159
733 229
750 496
500 489
305 412
684 902
54 532
374 498
16 396
107 277
742 7
794 774
718 566
1000 101
415 987
800 782
322 547
196 162
938 799
479 363
217 888
119 762
897 789
567 770
848 131
260 932
4 447
576 829
688 826
800 627
744 49
165 667
686 546
518 656
957 812
179 111
445 20
1000 318
889 602
911 402
88 470
288 389
82 315
497 642
742 715
937 618
305 815
551 853
969 232
971 225
923 327
541 165
580 911
35 919
230 123
555 405
157 724
144 703
657 660
494 195
329 542
307 624
709 720
471 191
890 156
106 299
43 713
263 165
578 496
122 493
824 531
484 854
572 238
420 813
926 795
537 750
830 684
588 926
486 336
25 922
404 872
770 824
63 193
137 579
992 134
139 220
558 968
677 112
169 20
62 481
524 330
596 210
910 929
113 901
736 445
478 449
928 433
175 23
289 785
978 152
654 35
381 359
544 15
860 526
476 339
858 398
409 835
607 420
238 592
836 415
304 488
706 985
256 687
90 526
811 732
5 254
927 607
834 170
825 669
757 620
962 952
675 197
19 446
547 62
729 951
863 776
823 139
702 965
699 112
424 660
928 612
334 924
503 188
711 951
195 376
930 622
468 138
424 536
109 814
897 627
689 344
976 919
164 562
630 182
401 612
129 216
94 334
446 915
575 497
800 459
973 929
11 499
306 514
279 401
62 840
626 845
102 661
464 375
275 682
928 881
598 596
4 964
468 641
126 990
798 280
592 138
832 411
830 129
983 515
789 578
843 480
561 43
860 60
348 873
166 237
294 599
442 833
57 52
421 587
794 681
207 233
591 299
854 76
545 841
807 736
221 355
312 833
85 284
616 463
323 366
230 305
935 19
437 267
783 262
136 775
536 639
342 411
25 265
696 916
252 677
211 952
103 517
223 908
226 652
305 1000
932 971
28 420
430 497
344 646
442 982
706 312
587 287
584 240
5 433
545 496
170 521
278 643
67 548
679 229
988 241
512 542
505 268
457 330
248 561
929 219
84 410
404 218
961 853
738 980
174 817
897 157
882 370
600 505
396 185
458 653
769 439
917 593
317 972
231 565
711 917
396 810
779 132
757 210
12 691
264 568
412 407
915 950
384 498
280 43
414 978
586 50
490 563
383 618
921 42
775 771
972 962
526 945
636 97
864 869
140 827
69 60
26 274
314 1
783 658
216 691
849 625
174 254
663 863
561 40
824 132
564 12
194 917
340 275
514 738
461 879
785 121
953 109
551 919
620 131
598 718
263 46
526 286
795 506
488 238
725 352
605 193
770 714
549 703
530 791
155 559
698 727
276 153
643 521
285 839
326 737
332 131
315 350
722 170
532 938
722 782
401 446
45 288
716 937
609 106
640 897
255 714
640 399
958 297
713 151
762 638
557 798
755 870
609 651
378 881
414 697
825 254
632 433
288 521
965 663
692 27
937 256
749 471
260 392
878 203
756 493
391 889
856 239
473 290
121 905
653 349
832 626
162 626
509 459
41 470
913 2
366 378
999 406
860 235
334 679
200 903
322 286
253 790
47 872
546 167
881 207
240 497
43 163
683 747
595 776
657 934
385 669
392 375
459 900
100 981
530 233
948 579
293 270
596 342
826 964
733 664
318 584
716 973
15 848
944 798
164 579
802 887
37 856
341 360
809 447
590 651
560 408
437 439
292 83
269 702
623 529
286 174
394 254
491 523
755 658
418 119
121 42
878 328
135 69
427 504
341 135
5 520
242 939
835 540
372 271
112 544
489 375
789 13
246 357
176 398
189 90
321 265
856 808
506 213
416 309
484 174
880 706
685 40
603 242
2 338
568 501
700 696
380 651
565 230
858 414
486 541
134 945
407 842
518 78
963 810
655 836
722 383
1000 391
922 605
473 55
236 476
431 592
116 179
498 276
249 48
85 72
355 746
226 239
183 367
787 960
769 56
927 470
705 61
680 335
614 522
523 820
689 918
831 959
384 811
552 543
906 788
254 525
807 392
352 200
115 755
785 865
678 172
380 379
817 710
183 814
464 663
84 124
865 351
640 582
451 442
978 314
304 712
266 530
502 442
382 618
966 676
355 620
146 431
314 383
382 366
55 550
51 37
266 220
633 931
