596 487
868 171
200 511
931 865
989 897
553 523
947 319
368 890
479 891
50 186
680 708
516 544
220 700
617 894
228 7
940 977
296 87
498 68
710 33
802 590
218 355
337 548
995 969
449 719
73 897
262 453
198 859
165 837
91 122
456 693
789 723
551 625
376 794
197 620
484 829
806 472
334 812
245 653
653 144
811 703
414 184
433 947
214 812
65 206
441 756
479 956
312 914
217 561
114 458
668 999
844 911
640 992
697 143
337 84
681 981
880 154
904 906
274 320
405 346
802 385
389 70
235 62
434 562
79 564
415 706
763 359
685 475
429 59
7 198
893 286
476 696
222 845
548 336
97 93
354 287
815 960
23 158
380 257
722 478
369 210
10 436
269 115
578 537
840 820
158 923
36 983
443 327
186 251
285 98
68 288
782 669
155 909
415 181
702 13
746 15
848 649
372 405
918 878
669 628
583 470
