69 659
732 255
334 245
431 180
4 981
799 613
290 42
335 522
771 930
717 773
711 546
699 68
482 617
636 148
772 558
278 625
462 398
494 820
886 171
573 307
625 361
486 805
143 656
946 526
581 319
489 142
64 815
549 45
236 710
221 523
927 31
712 577
946 96
194 200
15 868
307 295
111 548
246 287
572 137
274 698
968 542
186 563
671 677
772 725
494 381
682 489
734 173
32 954
926 440
590 16
914 795
80 909
779 16
659 724
737 423
418 386
513 877
552 105
856 712
780 149
798 949
572 721
700 806
762 682
301 179
497 543
97 830
781 85
598 277
320 104
548 495
356 498
915 828
575 111
903 231
386 302
193 263
31 28
422 503
452 232
728 986
42 566
429 924
902 824
990 828
277 15
14 646
207 307
424 878
143 340
864 599
730 226
972 955
255 418
518 35
13 1
258 521
682 194
606 911
644 272
327 592
110 877
714 740
275 306
351 191
948 707
197 111
310 783
602 885
36 711
790 394
185 445
502 558
445 322
608 578
300 538
585 796
852 369
537 877
862 314
7 736
75 382
382 628
522 59
895 591
932 619
524 241
184 409
803 41
80 62
978 457
209 347
39 7
549 66
746 110
372 513
501 558
464 564
3 433
34 995
225 51
759 155
506 999
793 586
473 611
600 811
892 152
528 249
364 5
355 464
807 692
822 597
422 380
927 115
966 458
176 209
59 926
166 999
470 933
838 253
24 931
116 90
219 14
344 614
3 686
907 481
367 756
445 659
728 322
21 967
799 245
5 300
949 694
645 974
880 357
818 497
988 937
916 453
349 326
211 659
313 887
520 947
703 716
51 258
435 395
614 664
967 732
158 837
844 923
192 721
413 740
775 410
468 289
244 455
436 120
144 60
686 609
805 463
615 780
906 156
